"","baseMean","log2FoldChange","lfcSE","stat","pvalue","padj"
"OTAU012622-RA",31.616904207225,-24.015011701449,1.33601899407674,-17.9750526062278,3.05573762255154e-72,4.24564185277311e-68
"OTAU009289-RA",19.8726784414029,16.3778725509688,1.97383774752772,8.29747661452036,1.06346025077441e-16,7.3878583621298e-13
"OTAU007155-RA",2989.82336474503,-10.4408913874931,1.28691488505551,-8.11311727662759,4.93374121095815e-16,2.28498001283508e-12
"OTAU012427-RA",51.3636195842184,9.16201179218497,1.14937677244517,7.97128671105283,1.57030724308019e-15,5.45446220883905e-12
"OTAU010169-RA",12.0331437680419,9.61314941920864,1.24394557922278,7.72795014490503,1.09292127977168e-14,3.03700965222955e-11
"OTAU011364-RA",2094.24322501381,8.8038634598111,1.20861692348585,7.28424638835881,3.23473363144413e-13,7.49056484588079e-10
"OTAU011680-RA",10.1374917442831,-9.18692393329826,1.38989511647546,-6.60979654104748,3.84848578744149e-11,7.63869450438743e-08
"OTAU002584-RA",68.1856967610917,-8.42454375997454,1.54901214598501,-5.43865571474742,5.36840788219877e-08,9.32358238940872e-05
"OTAU003897-RA",942.0291382621,3.34295270934275,0.665974152455357,5.01964332552207,5.17675087956974e-07,0.000799175296897133
"OTAU009740-RA",26807.6332844139,-4.65600260448767,0.936522906417422,-4.9715843281386,6.64079675209467e-07,0.000922672300736033
"OTAU003479-RA",229.057134269418,-1.9532619050348,0.399170853608962,-4.89329791334982,9.91601290186375e-07,0.00120241811918138
"OTAU011997-RA",29550.1101681229,-3.8632519945859,0.790969579777294,-4.88419794307847,1.03850708436567e-06,0.00120241811918138
"OTAU016421-RA",20.8266249055181,-2.76107739328124,0.57442331891904,-4.80669447486408,1.53446214358272e-06,0.00163998592484141
"OTAU016367-RA",97.7466776602439,2.56497500626319,0.536795088484988,4.77831310547642,1.76771964633474e-06,0.0017543354832982
"OTAU003896-RA",2270.12427386212,2.73355998434769,0.573832190864121,4.76369229169817,1.90082298033841e-06,0.00176066896592146
"OTAU009597-RA",708.814341151473,3.64677902985251,0.770504902329225,4.73297316970775,2.21254745009871e-06,0.00192132089197946
"OTAU010893-RA",1681.99373346321,3.19550449282956,0.678481801784945,4.70978659180371,2.47976301011639e-06,0.00202669572132689
"OTAU000585-RA",9324.3299066486,2.87905060205358,0.621107588860733,4.63534925943263,3.56335317432739e-06,0.00275051272245027
"OTAU017375-RA",1491.17439270997,-2.40211830469337,0.525493235601962,-4.57116884091134,4.8501129120081e-06,0.00354670888418108
"OTAU008667-RA",231.871114768253,0.804633426962919,0.178863848987531,4.49858052098059,6.84086864039628e-06,0.0047523514444833
"OTAU008015-RA",988.765565058998,3.29036373863077,0.742264292023538,4.43287353842751,9.29854109117488e-06,0.0061520919009897
"OTAU009898-RA",634.960569642755,3.08229967805272,0.699015182591863,4.40948888495373,1.03614876132464e-05,0.00654375040447481
"OTAU001870-RA",272.814064234914,2.66150170893537,0.605125046690896,4.39826730605466,1.09118534339667e-05,0.00659170833093626
"OTAU007383-RA",236.177431320902,-0.662529168117349,0.151334094123445,-4.37792403592092,1.19815093601334e-05,0.0069362954604039
"OTAU003699-RA",46.2013786961926,1.80557065212544,0.414724639376062,4.35366139528593,1.33882445942637e-05,0.00715447193818077
"OTAU016459-RA",1646.93622748077,4.50803322978965,1.0337028666853,4.36105323403545,1.29437867153627e-05,0.00715447193818077
"OTAU005738-RA",223.208425104614,3.66412888977178,0.852599915280141,4.29759471482923,1.72661489980021e-05,0.00888503237697189
"OTAU014642-RA",23.2351995106979,-1.86636025022598,0.43554401950922,-4.2851242736131,1.82637067433024e-05,0.00906271219612298
"OTAU014765-RA",257.123538643577,-0.718647639562807,0.169164443931498,-4.24821920529482,2.15476504144281e-05,0.0103235536157953
"OTAU008865-RA",28.3416542802359,-1.01413692366983,0.241419363712332,-4.20072734877325,2.66058845387238e-05,0.012322071992701
"OTAU009741-RA",2130.63652457852,-3.06330881938182,0.732486788796436,-4.18206698910598,2.88870823118692e-05,0.0129470039239068
"OTAU007098-RA",117.572982189508,1.79453051513705,0.431422305511991,4.15956822864637,3.18849766539671e-05,0.0138440583009443
"OTAU002041-RA",192.632577804446,2.84551248160137,0.689266860926151,4.12831755436193,3.65427219784829e-05,0.0145064165476869
"OTAU002685-RA",264.723181966911,2.32637575906553,0.562133766987732,4.13847360839347,3.49624080413685e-05,0.0145064165476869
"OTAU014486-RA",7.82578279279149,-3.23449115851636,0.782653946361686,-4.13272196933588,3.5849227778151e-05,0.0145064165476869
"OTAU016292-RA",833.876289649275,2.57381521396218,0.625239782257739,4.11652503087399,3.846275747063e-05,0.0148444875638037
"OTAU004278-RA",953.880991843642,0.681252940914778,0.165844524653381,4.10778072015709,3.99479096770009e-05,0.0150009799203311
"OTAU002937-RA",6906.84222053135,2.42549160073913,0.594017419658437,4.08319944915723,4.44198674307837e-05,0.0162413062653502
"OTAU004128-RA",3000.06812894817,2.30800900776299,0.567757547754832,4.0651313520884,4.80054179661946e-05,0.0171022378774951
"OTAU001506-RA",252.207269404093,2.64013950124077,0.655617076144124,4.0269535332548,5.6504193605568e-05,0.0191480308769698
"OTAU016438-RA",574.612762402314,-1.23624985975395,0.306552478689671,-4.0327511460295,5.51276488319491e-05,0.0191480308769698
"OTAU008681-RA",1034.59889939793,2.93103273207006,0.730407727723655,4.01287201766709,5.99844389653461e-05,0.0193819487205702
"OTAU012633-RA",76.3951389622839,-2.60450899204886,0.648757470878422,-4.01461117437667,5.95438727926499e-05,0.0193819487205702
"OTAU010901-RA",54.6890237231225,0.740747502619996,0.185269961245866,3.99820617243491,6.38243467956513e-05,0.0201539880540632
"OTAU003907-RA",101.641885804975,-1.04367997816008,0.264406724343417,-3.94725202527197,7.90533282895333e-05,0.0235268916237113
"OTAU009735-RA",1516.85564931132,2.35166828122671,0.594717601806205,3.95426043232032,7.67717512929438e-05,0.0235268916237113
"OTAU017482-RA",126.291607961615,3.20399002076008,0.812032166701806,3.94564421477733,7.95857137119931e-05,0.0235268916237113
"OTAU006334-RA",141.903337979409,-0.282036908742279,0.0716363033848637,-3.9370667582754,8.24836659711573e-05,0.0238755844792346
"OTAU008852-RA",145.481732266151,-0.581541897056995,0.148745298242225,-3.90964893633128,9.2430352879788e-05,0.0251004343981352
"OTAU012621-RA",118.22918894831,-3.27184168329853,0.834696408985162,-3.91979844177896,8.86230554166368e-05,0.0251004343981352
"OTAU013696-RA",9.86007663702904,-3.02466129132228,0.774416431042476,-3.90572974704405,9.39414559308355e-05,0.0251004343981352
"OTAU016072-RA",383.265730024296,2.0016420879052,0.511370340605399,3.91427098711964,9.06777539526977e-05,0.0251004343981352
"OTAU007183-RA",167.15008686282,0.735227483885177,0.189559351792287,3.87861362118824,0.000105053457477341,0.0273588437834674
"OTAU014519-RA",147.277621478423,0.968468615147422,0.24988422938259,3.8756692150613,0.000106332054434089,0.0273588437834674
"OTAU005858-RA",1039.39026884258,-0.397482405179378,0.103008612703392,-3.85872981634951,0.000113977857763219,0.0287928791956758
"OTAU001977-RA",352.49202002725,1.80927070821102,0.472326222118707,3.83055317169393,0.000127855500022371,0.0317218628091217
"OTAU001469-RA",280.806857230505,2.64237760707432,0.691231533598456,3.82270987163804,0.00013199305143361,0.0321738852038347
"OTAU000019-RA",523.942727249787,1.7359304806899,0.454967685100851,3.81550280940304,0.000135905909693416,0.0324239841227487
"OTAU015273-RA",14.8620235030622,8.54277550998175,2.24085271950384,3.81228781152259,0.000137686415952366,0.0324239841227487
"OTAU004020-RA",39.6210409713212,-1.55752601201063,0.41040241640235,-3.79511900944479,0.000147572651300706,0.0333154177458744
"OTAU008643-RA",4543.60503575614,2.47691870323485,0.65258482453705,3.7955505707507,0.000147316161083945,0.0333154177458744
"OTAU013586-RA",4.10326377540596,-2.76207388644833,0.728147609469183,-3.79328840818673,0.000148665315981302,0.0333154177458744
"OTAU005226-RA",150.303197384066,-0.265165402152073,0.0701032629206441,-3.78249729191972,0.000155262783039933,0.0342416048818544
"OTAU001755-RA",2084.59665844044,2.16541715060502,0.575104377790302,3.76525937591557,0.00016637628106065,0.0361192507665104
"OTAU002696-RA",320.959724313053,1.38707584038081,0.36910818842259,3.75791132217514,0.000171337576187947,0.0366240659008512
"OTAU009023-RA",2427.80654070081,1.88021240041956,0.50353759553551,3.73400599496441,0.000188458004732227,0.0390811271305906
"OTAU016581-RA",325.207873746701,-0.562999523818624,0.150643809274195,-3.73728948126821,0.000186014719623595,0.0390811271305906
"OTAU004017-RA",415.295842383557,-0.817629895111774,0.219443516204006,-3.72592414328462,0.000194600925806473,0.0397615479875756
"OTAU004018-RA",181.017291509623,-2.81603417612089,0.757698990407356,-3.71656054946956,0.000201953259204118,0.0406657765707538
"OTAU005964-RA",12843.1600424006,2.8026288188269,0.755285062085732,3.71069012153822,0.000206694994948064,0.0410260037115485
"OTAU011673-RA",11.239306235832,-1.55480368912494,0.421359141710695,-3.68997260344827,0.000224278204313178,0.0438890333905253
"OTAU004385-RA",617.130998798066,1.51057359127502,0.410786141937437,3.67727495419035,0.000235738897179611,0.044897310101174
"OTAU011281-RA",2570.42930270761,2.7138024843117,0.738026378058997,3.6771077091431,0.00023589345310103,0.044897310101174
"OTAU012716-RA",188.877675219285,-2.83202491129392,0.773583091522147,-3.66091883642578,0.000251312367151021,0.0471855949891389
"OTAU005249-RA",24508.1122431495,2.56126145193147,0.702573491534761,3.64554239918223,0.000266828415474006,0.0492824394537524
"OTAU006999-RA",139.954927091094,2.42355422377235,0.665895031429454,3.63954393618133,0.000273121335680073,0.0492824394537524
"OTAU010716-RA",6399.12456048366,1.93572286528878,0.531639999161786,3.64104068230523,0.000271538220525569,0.0492824394537524
